1600 3.1682
1.03251e-14
1.03251e-14
0.0616249
0.138416
0.257677
0.394189
0.50155
0.564665
0.59801
0.662244
0.766307
0.864509
0.966571
1.05998
1.0625
1.1808
1.12104
1.21631
1.21433
1.33932
1.35321
1.40636
1.48958
1.48378
1.5524
1.59691
1.5892
1.60774
1.65536
1.72261
1.74209
1.78745
1.81616
1.8223
1.84704
1.83279
1.81776
1.84629
1.90137
1.90167
1.92504
1.96244
1.98957
2.03094
2.05707
2.09644
2.08152
2.07611
2.11158
2.14818
2.14781
2.15231
2.12683
2.16644
2.14428
2.12583
2.14948
2.18849
2.22546
2.23469
2.2612
2.24692
2.26579
2.27802
2.30353
2.3562
2.35647
2.34814
2.33889
2.33406
2.36168
2.36292
2.3683
2.38252
2.40408
2.41379
2.41707
2.40764
2.43196
2.44157
2.44254
2.46384
2.45001
2.45154
2.45575
2.46258
2.51274
2.52903
2.56268
2.5477
2.55974
2.54228
2.53335
2.56023
2.56391
2.60327
2.5793
2.56682
2.57548
2.59055
2.59862
2.60157
2.61483
2.65823
2.63096
2.63208
2.64294
2.63568
2.62751
2.62562
2.66665
2.66225
2.62685
2.63469
2.66811
2.67633
2.69187
2.68873
2.70196
2.6955
2.71388
2.70819
2.69452
2.70779
2.72594
2.75754
2.72304
2.74221
2.7243
2.75615
2.76012
2.76073
2.75881
2.76819
2.78721
2.80918
2.81433
2.79505
2.83049
2.83249
2.85698
2.86882
2.87537
2.87125
2.87016
2.88772
2.88846
2.88598
2.85446
2.84853
2.84798
2.86057
2.87162
2.88089
2.87491
2.87773
2.86263
2.8666
2.87507
2.88958
2.86859
2.86295
2.88449
2.90042
2.89087
2.90846
2.89599
2.9159
2.91365
2.94667
2.92755
2.92818
2.93873
2.94944
2.9443
2.96879
2.97085
2.98322
2.95272
2.9526
2.93798
2.94324
2.94718
2.95801
2.95573
2.95037
2.96389
2.96382
2.99178
2.99073
2.99832
2.97767
3.0049
3.00636
3.01714
3.01071
3.00892
3.01033
3.00892
3.0075
3.0223
3.02008
3.03394
3.03514
3.0431
3.04485
3.04802
3.04815
3.05223
3.04954
3.04734
3.04639
3.05865
3.04351
3.04396
3.04077
3.05618
3.0646
3.07042
3.07733
3.08388
3.07848
3.08444
3.08022
3.08926
3.10421
3.0924
3.08829
3.08112
3.09479
3.08502
3.09993
3.09666
3.09931
3.09351
3.09827
3.08949
3.0859
3.09546
3.09478
3.08882
3.10073
3.10875
3.10116
3.1134
3.11609
3.11592
3.11823
3.11418
3.11388
3.11475
3.12172
3.10852
3.12609
3.10924
3.1094
3.11873
3.11256
3.12108
3.11462
3.11069
3.10444
3.10541
3.10142
3.10708
3.09757
3.11044
3.11986
3.11607
3.09408
3.11018
3.11282
3.11077
3.11485
3.1092
3.11423
3.12668
3.13943
3.13484
3.13473
3.13408
3.14218
3.13433
3.14466
3.15001
3.13896
3.14909
3.14777
3.14359
3.1385
3.13402
3.15047
3.14213
3.13479
3.13673
3.13019
3.15321
3.15706
3.14081
3.13973
3.14432
3.14998
3.14107
3.13974
3.15201
3.15084
3.15079
3.14444
3.14739
3.13924
3.14791
3.15403
3.15786
3.16409
3.16421
3.15927
3.15582
3.15514
3.14491
3.14634
3.14085
3.13218
3.15015
3.14196
3.13894
3.14198
3.14943
3.14703
3.14274
3.14099
3.15076
3.13657
3.14167
3.12792
3.14244
3.13253
3.14655
3.1523
3.15578
3.15302
3.15119
3.15218
3.14793
3.15475
3.14519
3.14716
3.15753
3.14629
3.15154
3.15578
3.15608
3.15202
3.14487
3.15069
3.15463
3.15239
3.1621
3.16456
3.16132
3.16646
3.16019
3.15905
3.15738
3.15342
3.16085
3.15219
3.15588
3.15778
3.16171
3.15577
3.16374
3.16297
3.16135
3.16072
3.16494
3.153
3.15413
3.15488
3.16698
3.16876
3.17236
3.16606
3.16933
3.16418
3.17015
3.17397
3.1765
3.17188
3.16432
3.16362
3.1661
3.16047
3.15615
3.16966
3.15374
3.15734
3.16056
3.1675
3.16683
3.17225
3.16708
3.16717
3.17801
3.17812
3.17588
3.18067
3.18403
3.18269
3.18234
3.18212
3.18763
3.18536
3.18252
3.18944
3.1885
3.17918
3.17226
3.17858
3.17743
3.17803
3.17871
3.17572
3.16918
3.16459
3.17068
3.17074
3.17717
3.17018
3.17688
3.17151
3.17431
3.16249
3.16705
3.16687
3.17204
3.16947
3.16584
3.16843
3.16657
3.16552
3.16641
3.16925
3.17405
3.17303
3.18124
3.1833
3.18392
3.19044
3.1891
3.17827
3.18107
3.18073
3.18086
3.18061
3.18255
3.18684
3.17708
3.17574
3.17735
3.18163
3.17186
3.18418
3.17817
3.18068
3.18811
3.18261
3.17475
3.17341
3.15956
3.15193
3.15536
3.15364
3.15901
3.16668
3.1691
3.16406
3.16429
3.17085
3.16988
3.16535
3.16048
3.16546
3.15938
3.16282
3.15809
3.17011
3.17961
3.16872
3.15963
3.16042
3.1562
3.16421
3.16626
3.16562
3.17553
3.17292
3.18058
3.17909
3.17827
3.1799
3.18502
3.19112
3.18136
3.18333
3.18603
3.18771
3.17916
3.17726
3.18582
3.17558
3.17952
3.17893
3.17252
3.17531
3.17863
3.17039
3.16937
3.16601
3.1705
3.1818
3.17532
3.17871
3.17759
3.17744
3.17494
3.18365
3.17681
3.18319
3.17206
3.17117
3.17029
3.18222
3.18566
3.1686
3.17377
3.18093
3.17476
3.18075
3.17868
3.18477
3.18273
3.17132
3.18137
3.18357
3.18466
3.18333
3.17633
3.18841
3.1748
3.16388
3.16683
3.17744
3.17036
3.16979
3.17186
3.17621
3.18018
3.18706
3.17399
3.16366
3.15476
3.16768
3.16137
3.15608
3.15403
3.15196
3.16175
3.15877
3.13932
3.16289
3.16097
3.16811
3.16083
3.17099
3.16818
3.17388
3.16909
3.16954
3.17218
3.16101
3.15502
3.16122
3.1632
3.16971
3.17107
3.1761
3.17262
3.17826
3.17818
3.16748
3.17334
3.1698
3.1656
3.16599
3.16999
3.1695
3.18274
3.18467
3.17833
3.17626
0
2500 2.75136
2.72528
2.73468
2.73321
2.72754
2.73604
2.73628
2.74335
2.74358
2.73821
2.737
2.73556
2.73702
2.73704
2.73495
2.73425
2.72578
2.73106
2.7401
2.73707
2.74842
2.74899
2.74847
2.74864
2.75116
2.75215
2.75047
2.74489
2.749
2.74778
2.74876
2.74309
2.7423
2.74228
2.75123
2.74886
2.73941
2.7455
2.75304
2.74973
2.74865
2.75185
2.75141
2.74635
2.74358
2.74636
2.75037
2.74425
2.74621
2.74563
2.7482
2.7448
2.74921
2.74603
2.74635
2.74853
2.74529
2.74443
2.74981
2.74872
2.75045
2.74592
2.74475
2.74912
2.74523
2.74254
2.74618
2.74205
2.73973
2.74717
2.74703
2.7455
2.73507
2.73803
2.74348
2.73509
2.73803
2.73524
2.74592
2.73825
2.74852
2.74711
2.75306
2.75295
2.74465
2.74614
2.74892
2.74471
2.74268
2.74975
2.75168
2.74659
2.74755
2.74699
2.74698
2.74689
2.74714
2.74576
2.74431
2.74503
2.74219
2.74915
2.74995
2.74841
2.74757
2.74496
2.74422
2.74331
2.74566
2.74623
2.74907
2.74679
2.74954
2.75011
2.75379
2.75517
2.75199
2.75049
2.75315
2.74822
2.7455
2.75234
2.75407
2.75839
2.75821
2.74901
2.75085
2.75367
2.76139
2.75593
2.75782
2.74933
2.75121
2.75534
2.75972
2.75599
2.75622
2.75787
2.75872
2.761
2.75266
2.75744
2.75366
2.75867
2.75544
2.75536
2.75727
2.74775
2.75113
2.74782
2.75335
2.75188
2.75596
2.74874
2.75593
2.75189
2.75355
2.75407
2.74991
2.75582
2.75778
2.75701
2.75792
2.75787
2.75517
2.7606
2.76376
2.75973
2.75545
2.75801
2.75369
2.75924
2.75823
2.74924
2.7538
2.75624
2.75311
2.75853
2.75622
2.75946
2.75633
2.75204
2.7545
2.75894
2.75797
2.75839
2.75261
2.75202
2.75433
2.75193
2.75552
2.75214
2.75124
2.75654
2.76012
2.76132
2.75798
2.7583
2.75807
2.75796
2.75594
2.75264
2.75322
2.75502
2.7532
2.7571
2.75481
2.75915
2.76195
2.75568
2.75423
2.75034
2.75034
2.75919
2.76114
2.75772
2.75935
2.75442
2.75511
2.75352
2.75495
2.75425
2.75598
2.75716
2.75817
2.75963
2.75849
2.75289
2.75452
2.75255
2.75734
2.75373
2.75878
2.75729
2.75744
2.75725
2.75777
2.75413
2.75613
2.74968
2.7456
2.75133
2.74864
2.74519
2.74317
2.74645
2.73899
2.7376
2.7473
2.74287
2.75429
2.74648
2.74992
2.74743
2.75223
2.74577
2.74131
2.73998
2.73709
2.74438
2.74366
2.74351
2.74194
2.74367
2.74688
2.74298
2.74441
2.73481
2.73262
2.73816
2.73384
2.73243
2.73193
2.7342
2.74278
2.75097
2.74841
2.7524
2.75133
2.75878
2.75203
2.74897
2.75884
2.75474
2.74675
2.75564
2.7532
2.74848
2.75483
2.75481
2.75778
2.7525
2.75289
2.75536
2.75157
2.74996
2.75482
2.75431
2.75527
2.75678
2.75422
2.75489
2.75264
2.75207
2.74653
2.74639
2.74926
2.74536
2.74996
2.75356
2.75855
2.75524
2.75407
2.75651
2.75519
2.75227
2.75244
2.75164
2.74211
2.74209
2.74409
2.74053
2.73418
2.74144
2.741
2.74212
2.74149
2.74418
2.7434
2.74566
2.74144
2.74359
2.74485
2.73894
2.74751
2.74571
2.74379
2.73941
2.74219
2.74787
2.74218
2.74416
2.73194
2.74478
2.7327
2.74019
2.74798
2.74586
2.74103
2.74258
2.73618
2.74011
2.73901
2.73259
2.73833
2.73061
2.73852
2.74148
2.73255
2.74044
2.74355
2.74206
2.74954
2.74534
2.7422
2.7454
2.7463
2.74661
2.74884
2.74958
2.74944
2.75739
2.74757
2.74966
2.75329
2.75637
2.75562
2.75291
2.75202
2.74921
2.74583
2.7516
2.74817
2.74928
2.75091
2.74003
2.73714
2.73568
2.74422
2.73995
2.73714
2.74128
2.7488
2.74915
2.74495
2.74986
2.73996
2.74254
2.74852
2.74317
2.74823
2.74746
2.74861
2.74634
2.746
2.74554
2.74407
2.74782
2.74295
2.74603
2.75123
2.74917
2.74929
2.75212
2.74844
2.74751
2.74292
2.7504
2.74948
2.75321
2.75375
2.75054
2.75202
2.75706
2.75351
2.75561
2.76164
2.75634
2.75249
2.75711
2.76064
2.7577
2.76226
2.76002
2.75703
2.76011
2.76273
2.75689
2.75102
2.75477
2.75831
2.7622
2.7623
2.76445
2.76005
2.75868
2.76137
2.75956
2.7611
2.75707
2.76
2.76208
2.76478
2.76447
2.76434
2.76327
2.76357
2.75775
2.75913
2.75201
2.74434
2.74831
2.74672
2.74804
2.75082
2.75234
2.75052
2.7507
2.75181
2.7566
2.7569
2.75707
2.75502
2.75519
2.75522
2.75325
2.75703
2.75832
2.75768
2.75745
2.75935
2.75489
2.75644
2.75521
2.75692
2.75725
2.75584
2.75573
2.75703
2.75548
2.75733
2.75464
2.75447
2.75644
2.75237
2.75357
2.75169
2.75115
2.75225
2.74858
2.75524
2.74747
2.74699
2.75093
2.7447
2.75001
2.75284
2.74776
2.74588
2.74055
2.75057
2.74417
2.74823
2.74673
2.74652
2.74561
2.74536
2.74727
2.74484
2.74396
2.7369
2.73341
2.74305
2.73445
2.74943
2.74407
2.7359
2.73017
2.73832
2.7397
2.73855
2.74643
2.74261
2.74434
2.74717
2.74347
2.73757
2.74295
2.74136
2.73996
2.7388
2.74688
2.74711
2.75528
2.75426
2.75427
2.75159
2.7533
2.75171
2.7458
2.74923
2.74854
2.75212
2.74963
2.75227
2.75196
2.75625
2.75109
2.75056
2.75243
2.75535
2.7562
2.75546
2.75836
2.75617
2.7542
2.75402
2.75244
2.75609
2.75523
2.75621
2.75602
2.75277
2.7497
2.75279
2.75167
2.75608
2.75204
2.75229
2.74939
2.75146
2.7491
2.74889
2.75
2.75362
2.74563
2.74428
2.74389
2.74993
2.74895
2.74868
2.74747
2.75024
2.74685
2.74901
2.74641
2.74869
2.74988
2.74979
2.75171
2.74614
0
