0	400	400
10000	398	400
20000	397	400
30000	396	400
40000	395	400
50000	393	399
60000	392	399
70000	391	398
80000	390	397
90000	388	397
100000	387	395
110000	386	394
120000	385	393
130000	384	390
140000	382	389
150000	381	387
160000	380	386
170000	379	386
180000	378	386
190000	377	381
200000	375	379
210000	374	379
220000	373	377
230000	372	377
240000	371	377
250000	370	376
260000	368	376
270000	367	375
280000	366	374
290000	365	370
300000	364	370
310000	363	367
320000	362	366
330000	360	366
340000	359	365
350000	358	365
360000	357	363
370000	356	363
380000	355	363
390000	354	363
400000	353	362
410000	352	361
420000	350	361
430000	349	361
440000	348	360
450000	347	356
460000	346	353
470000	345	353
480000	344	353
490000	343	352
500000	342	352
510000	341	351
520000	340	350
530000	339	348
540000	338	347
550000	337	346
560000	335	343
570000	334	343
580000	333	342
590000	332	337
600000	331	335
610000	330	334
620000	329	333
630000	328	333
640000	327	332
650000	326	332
660000	325	331
670000	324	330
680000	323	327
690000	322	325
700000	321	323
710000	320	323
720000	319	321
730000	318	320
740000	317	318
750000	316	317
760000	315	315
770000	314	314
780000	313	314
790000	312	312
800000	311	311
810000	310	309
820000	309	308
830000	308	308
840000	307	306
850000	306	305
860000	305	304
870000	305	304
880000	304	302
890000	303	299
900000	302	298
910000	301	297
920000	300	297
930000	299	295
940000	298	294
950000	297	292
960000	296	292
970000	295	292
980000	294	289
990000	293	288
1000000	292	285
1010000	292	284
1020000	291	284
1030000	290	282
1040000	289	280
1050000	288	279
1060000	287	278
1070000	286	277
1080000	285	276
1090000	284	276
1100000	283	275
1110000	283	274
1120000	282	273
1130000	281	271
1140000	280	269
1150000	279	268
1160000	278	266
1170000	277	263
1180000	276	261
1190000	276	261
1200000	275	260
1210000	274	260
1220000	273	260
1230000	272	259
1240000	271	259
1250000	270	259
1260000	270	257
1270000	269	257
1280000	268	257
1290000	267	256
1300000	266	256
1310000	265	256
1320000	265	256
1330000	264	256
1340000	263	255
1350000	262	255
1360000	261	254
1370000	261	254
1380000	260	254
1390000	259	253
1400000	258	253
1410000	257	251
1420000	257	250
1430000	256	248
1440000	255	247
1450000	254	245
1460000	253	245
1470000	253	245
1480000	252	245
1490000	251	245
1500000	250	244
1510000	249	243
1520000	249	241
1530000	248	240
1540000	247	238
1550000	246	236
1560000	246	236
1570000	245	236
1580000	244	234
1590000	243	234
1600000	243	234
1610000	242	234
1620000	241	234
1630000	240	234
1640000	239	233
1650000	239	231
1660000	238	231
1670000	237	231
1680000	237	229
1690000	236	229
1700000	235	229
1710000	234	229
1720000	234	229
1730000	233	228
1740000	232	228
1750000	231	228
1760000	231	228
1770000	230	227
1780000	229	226
1790000	229	226
1800000	228	226
1810000	227	224
1820000	226	224
1830000	226	224
1840000	225	222
1850000	224	221
1860000	224	221
1870000	223	220
1880000	222	218
1890000	222	217
1900000	221	216
1910000	220	215
1920000	219	215
1930000	219	215
1940000	218	215
1950000	217	215
1960000	217	215
1970000	216	214
1980000	215	213
1990000	215	212
2000000	214	211
2010000	213	210
2020000	213	210
2030000	212	209
2040000	211	209
2050000	211	207
2060000	210	206
2070000	209	204
2080000	209	202
2090000	208	202
2100000	207	201
2110000	207	200
2120000	206	199
2130000	206	199
2140000	205	199
2150000	204	199
2160000	204	196
2170000	203	195
2180000	202	194
2190000	202	193
2200000	201	193
2210000	200	193
2220000	200	191
2230000	199	191
2240000	199	191
2250000	198	191
2260000	197	190
2270000	197	189
2280000	196	189
2290000	196	189
2300000	195	188
2310000	194	188
2320000	194	187
2330000	193	186
2340000	192	186
2350000	192	186
2360000	191	186
2370000	191	185
2380000	190	185
2390000	189	184
2400000	189	183
2410000	188	183
2420000	188	183
2430000	187	183
2440000	187	183
2450000	186	182
2460000	185	182
2470000	185	182
2480000	184	182
2490000	184	182
2500000	183	181
2510000	183	181
2520000	182	179
2530000	181	177
2540000	181	177
2550000	180	177
2560000	180	176
2570000	179	176
2580000	179	176
2590000	178	175
2600000	177	174
2610000	177	173
2620000	176	173
2630000	176	172
2640000	175	172
2650000	175	172
2660000	174	170
2670000	174	170
2680000	173	170
2690000	173	169
2700000	172	168
2710000	171	167
2720000	171	167
2730000	170	165
2740000	170	165
2750000	169	165
2760000	169	165
2770000	168	165
2780000	168	165
2790000	167	165
2800000	167	165
2810000	166	165
2820000	166	165
2830000	165	165
2840000	165	165
2850000	164	164
2860000	164	163
2870000	163	163
2880000	163	160
2890000	162	157
2900000	162	156
2910000	161	155
2920000	161	154
2930000	160	153
2940000	160	151
2950000	159	150
2960000	159	150
2970000	158	150
2980000	158	150
2990000	157	148
3000000	157	148
3010000	156	148
3020000	156	145
3030000	155	145
3040000	155	145
3050000	154	142
3060000	154	141
3070000	153	140
3080000	153	140
3090000	152	140
3100000	152	139
3110000	151	138
3120000	151	137
3130000	150	137
3140000	150	137
3150000	149	137
3160000	149	137
3170000	149	137
3180000	148	136
3190000	148	135
3200000	147	134
3210000	147	134
3220000	146	131
3230000	146	128
3240000	145	126
3250000	145	126
3260000	144	126
3270000	144	126
3280000	143	125
3290000	143	125
3300000	143	125
3310000	142	124
3320000	142	123
3330000	141	123
3340000	141	123
3350000	140	123
3360000	140	123
3370000	140	122
3380000	139	122
3390000	139	121
3400000	138	121
3410000	138	121
3420000	137	121
3430000	137	121
3440000	136	121
3450000	136	120
3460000	136	120
3470000	135	120
3480000	135	120
3490000	134	119
3500000	134	119
3510000	134	118
3520000	133	118
3530000	133	117
3540000	132	117
3550000	132	117
3560000	131	116
3570000	131	116
3580000	131	116
3590000	130	116
3600000	130	114
3610000	129	114
3620000	129	113
3630000	129	112
3640000	128	112
3650000	128	111
3660000	127	111
3670000	127	111
3680000	127	110
3690000	126	109
3700000	126	109
3710000	125	109
3720000	125	109
3730000	125	106
3740000	124	105
3750000	124	105
3760000	123	105
3770000	123	105
3780000	123	105
3790000	122	105
3800000	122	104
3810000	122	104
3820000	121	104
3830000	121	104
3840000	120	104
3850000	120	103
3860000	120	103
3870000	119	103
3880000	119	103
3890000	119	103
3900000	118	102
3910000	118	101
3920000	117	101
3930000	117	100
3940000	117	100
3950000	116	100
3960000	116	100
3970000	116	100
3980000	115	100
3990000	115	100
4000000	115	100
4010000	114	100
4020000	114	99
4030000	113	99
4040000	113	99
4050000	113	99
4060000	112	99
4070000	112	99
4080000	112	99
4090000	111	99
4100000	111	99
4110000	111	99
4120000	110	99
4130000	110	97
4140000	110	97
4150000	109	96
4160000	109	96
4170000	109	96
4180000	108	93
4190000	108	93
4200000	108	93
4210000	107	93
4220000	107	93
4230000	107	93
4240000	106	93
4250000	106	93
4260000	106	92
4270000	105	92
4280000	105	92
4290000	105	91
4300000	104	90
4310000	104	90
4320000	104	89
4330000	103	89
4340000	103	89
4350000	103	89
4360000	102	89
4370000	102	89
4380000	102	89
4390000	101	89
4400000	101	88
4410000	101	87
4420000	100	87
4430000	100	87
4440000	100	87
4450000	100	87
4460000	99	85
4470000	99	84
4480000	99	84
4490000	98	84
4500000	98	84
4510000	98	84
4520000	97	83
4530000	97	83
4540000	97	83
4550000	96	83
4560000	96	83
4570000	96	83
4580000	96	83
4590000	95	83
4600000	95	83
4610000	95	83
4620000	94	83
4630000	94	83
4640000	94	83
4650000	93	83
4660000	93	83
4670000	93	82
4680000	93	82
4690000	92	82
4700000	92	82
4710000	92	82
4720000	91	82
4730000	91	82
4740000	91	82
4750000	91	82
4760000	90	81
4770000	90	80
4780000	90	80
4790000	89	80
4800000	89	80
4810000	89	80
4820000	89	80
4830000	88	80
4840000	88	80
4850000	88	80
4860000	88	79
4870000	87	79
4880000	87	79
4890000	87	79
4900000	86	79
4910000	86	79
4920000	86	78
4930000	86	78
4940000	85	78
4950000	85	78
4960000	85	77
4970000	85	77
4980000	84	77
4990000	84	76
5000000	84	76
5010000	84	76
5020000	83	76
5030000	83	76
5040000	83	75
5050000	82	74
5060000	82	74
5070000	82	74
5080000	82	74
5090000	81	74
5100000	81	74
5110000	81	74
5120000	81	74
5130000	80	74
5140000	80	74
5150000	80	73
5160000	80	72
5170000	79	72
5180000	79	72
5190000	79	72
5200000	79	72
5210000	78	72
5220000	78	71
5230000	78	71
5240000	78	71
5250000	77	71
5260000	77	71
5270000	77	70
5280000	77	70
5290000	76	70
5300000	76	70
5310000	76	70
5320000	76	69
5330000	76	69
5340000	75	69
5350000	75	69
5360000	75	68
5370000	75	68
5380000	74	68
5390000	74	68
5400000	74	68
5410000	74	68
5420000	73	68
5430000	73	67
5440000	73	67
5450000	73	67
5460000	73	67
5470000	72	67
5480000	72	67
5490000	72	67
5500000	72	66
5510000	71	66
5520000	71	66
5530000	71	66
5540000	71	66
5550000	71	66
5560000	70	66
5570000	70	66
5580000	70	66
5590000	70	66
5600000	69	66
5610000	69	66
5620000	69	66
5630000	69	66
5640000	69	66
5650000	68	66
5660000	68	66
5670000	68	66
5680000	68	65
5690000	67	65
5700000	67	65
5710000	67	65
5720000	67	65
5730000	67	65
5740000	66	65
5750000	66	65
5760000	66	65
5770000	66	65
5780000	66	65
5790000	65	65
5800000	65	65
5810000	65	65
5820000	65	65
5830000	65	65
5840000	64	65
5850000	64	65
5860000	64	65
5870000	64	65
5880000	64	65
5890000	63	65
5900000	63	65
5910000	63	65
5920000	63	65
5930000	63	65
5940000	62	65
5950000	62	65
5960000	62	65
5970000	62	65
5980000	62	63
5990000	61	63
