0 7.4788
10000 9.11633
20000 10.3033
30000 11.4299
40000 12.3729
50000 13.2515
60000 14.153
70000 15.0084
80000 15.9498
90000 16.4155
100000 17.3765
110000 18.0875
120000 18.7657
130000 19.6202
140000 20.4755
150000 21.2047
160000 21.666
170000 21.9831
180000 22.4963
190000 23.0956
200000 23.7317
210000 24.0102
220000 24.3526
230000 24.7084
240000 25.0624
250000 25.621
260000 26.1849
270000 26.8321
280000 27.3008
290000 27.8434
300000 28.4555
310000 29.1677
320000 29.506
330000 30.003
340000 30.2594
350000 30.9318
360000 31.1382
370000 31.4674
380000 31.6924
390000 32.1007
400000 32.3915
410000 32.7815
420000 33.4062
430000 33.8133
440000 34.1178
450000 34.4667
460000 34.9037
470000 34.9619
480000 35.2665
490000 35.3657
500000 35.6242
510000 36.2782
520000 36.8408
530000 37.0846
540000 37.3204
550000 37.3429
560000 37.6487
570000 38.3039
580000 38.7241
590000 39.3633
600000 39.9596
610000 40.4817
620000 40.8386
630000 41.4048
640000 41.8363
650000 41.9574
660000 42.1842
670000 42.8902
680000 43.0242
690000 43.2034
700000 43.3942
710000 43.8382
720000 44.4973
730000 44.8765
740000 45.2
750000 45.3279
760000 45.3905
770000 45.742
780000 46.1995
790000 46.6979
800000 47.0657
810000 47.1721
820000 47.4044
830000 47.7945
840000 47.9938
850000 48.1366
860000 48.3429
870000 48.6237
880000 49.0511
890000 49.4201
900000 49.5687
910000 49.7138
920000 49.9637
930000 50.2889
940000 50.4855
950000 50.5235
960000 50.6231
970000 50.6093
980000 50.8147
990000 51.0509
1000000 51.3049
1010000 51.578
1020000 51.3825
1030000 51.5941
1040000 51.9101
1050000 52.0889
1060000 52.4275
1070000 52.3349
1080000 52.5449
1090000 52.6951
1100000 52.8444
1110000 53.3289
1120000 53.4355
1130000 53.8708
1140000 54.1658
1150000 54.198
1160000 54.5746
1170000 54.5763
1180000 55.1036
1190000 54.8688
1200000 55.0159
1210000 54.9798
1220000 55.1082
1230000 55.446
1240000 55.665
1250000 55.9697
1260000 55.9659
1270000 55.9444
1280000 56.2331
1290000 56.1532
1300000 56.2512
1310000 56.1519
1320000 56.4621
1330000 56.4344
1340000 56.6058
1350000 56.834
1360000 57.3652
1370000 57.1293
1380000 57.1094
1390000 57.4748
1400000 57.8634
1410000 57.8029
1420000 57.7766
1430000 57.8477
1440000 58.0029
1450000 58.2045
1460000 58.3647
1470000 58.3866
1480000 58.4309
1490000 58.6625
1500000 58.863
1510000 58.96
1520000 59.3843
1530000 59.6655
1540000 59.7876
1550000 59.6913
1560000 59.59
1570000 59.754
1580000 59.6704
1590000 60.0807
1600000 60.2794
1610000 60.7101
1620000 60.9222
1630000 60.9603
1640000 61.1864
1650000 61.2987
1660000 61.431
1670000 61.2966
1680000 61.2945
1690000 61.5549
1700000 61.5704
1710000 61.7248
1720000 61.997
1730000 62.1755
1740000 62.4758
1750000 62.8065
1760000 62.7345
1770000 63.1109
1780000 63.2489
1790000 63.3124
1800000 63.4007
1810000 63.6637
1820000 63.7439
1830000 63.8609
1840000 64.1816
1850000 64.3507
1860000 64.5407
1870000 64.3614
1880000 64.5356
1890000 64.7656
1900000 64.8461
1910000 65.1534
1920000 65.1754
1930000 65.2082
1940000 65.241
1950000 65.4207
1960000 65.3784
1970000 65.4981
1980000 65.8901
1990000 65.7956
2000000 66.0149
2010000 65.9748
2020000 66.1895
2030000 66.3021
2040000 66.3251
2050000 66.3735
2060000 66.5777
2070000 66.5307
2080000 66.7145
2090000 66.64
2100000 67.2057
2110000 67.1467
2120000 67.3864
2130000 67.6519
2140000 67.6772
2150000 67.429
2160000 67.4827
2170000 67.4411
2180000 67.3243
2190000 67.3874
2200000 67.3391
2210000 67.3811
2220000 67.5002
2230000 67.6175
2240000 67.9148
2250000 68.113
2260000 68.0006
2270000 67.9709
2280000 67.9508
2290000 67.9978
2300000 68.15
2310000 68.3133
2320000 68.6438
2330000 68.9595
2340000 69.0045
2350000 69.14
2360000 69.1779
2370000 69.2228
2380000 69.3239
2390000 69.2642
2400000 69.2986
2410000 69.5437
2420000 69.6795
2430000 69.5577
2440000 69.6958
2450000 69.5071
2460000 69.5696
2470000 69.7556
2480000 70.082
2490000 70.1612
2500000 69.9989
2510000 70.3559
2520000 70.4215
2530000 70.3404
2540000 70.2988
2550000 70.4428
2560000 70.844
2570000 70.6076
2580000 70.7669
2590000 70.6744
2600000 70.8813
2610000 70.7146
2620000 70.8942
2630000 70.935
2640000 71.0513
2650000 71.1709
2660000 71.2274
2670000 71.3806
2680000 71.1987
2690000 71.2114
2700000 71.6103
2710000 72.0617
2720000 72.3376
2730000 72.1848
2740000 72.3292
2750000 72.1702
2760000 72.0423
2770000 72.2587
2780000 72.5156
2790000 72.4853
2800000 72.2075
2810000 72.0473
2820000 72.3326
2830000 72.6961
2840000 72.7227
2850000 72.764
2860000 72.8499
2870000 73.0623
2880000 73.0058
2890000 73.1944
2900000 73.202
2910000 73.0651
2920000 73.4771
2930000 73.7836
2940000 73.8169
2950000 73.7095
2960000 73.8106
2970000 73.9228
2980000 73.9937
2990000 73.9908
3000000 73.728
3010000 73.7317
3020000 73.8589
3030000 73.954
3040000 74.1236
3050000 74.0616
3060000 74.0625
3070000 73.9083
3080000 73.948
3090000 73.8996
3100000 73.9494
3110000 73.8282
3120000 73.7843
3130000 73.8351
3140000 73.8604
3150000 74.1577
3160000 74.2944
3170000 73.966
3180000 73.8063
3190000 73.6184
3200000 73.6485
3210000 73.7284
3220000 73.484
3230000 73.5974
3240000 73.6309
3250000 73.5874
3260000 73.8243
3270000 73.9887
3280000 73.7773
3290000 73.8345
3300000 73.7687
3310000 74.0104
3320000 73.9821
3330000 74.0724
3340000 74.0893
3350000 73.8394
3360000 74.1474
3370000 74.2134
3380000 74.2849
3390000 74.1082
3400000 74.0131
3410000 73.9126
3420000 73.9267
3430000 74.1307
3440000 74.5036
3450000 74.6954
3460000 74.7842
3470000 74.5344
3480000 74.8227
3490000 75.0875
3500000 75.1997
3510000 75.2937
3520000 75.3505
3530000 75.5884
3540000 75.6278
3550000 75.3552
3560000 75.3407
3570000 75.3936
3580000 75.1949
3590000 74.8585
3600000 74.761
3610000 74.4773
3620000 74.3181
3630000 74.3774
3640000 74.4618
3650000 74.7677
3660000 74.5818
3670000 74.6079
3680000 74.6983
3690000 74.7335
3700000 74.8467
3710000 74.6117
3720000 74.766
3730000 74.9208
3740000 74.6657
3750000 74.7319
3760000 74.9731
3770000 75.1884
3780000 74.9302
3790000 75.226
3800000 74.8958
3810000 75.0755
3820000 75.0665
3830000 75.01
3840000 75.1317
3850000 75.34
3860000 75.3705
3870000 75.7486
3880000 75.6882
3890000 75.6388
3900000 75.8384
3910000 75.7922
3920000 75.8457
3930000 76.1641
3940000 76.2869
3950000 76.2724
3960000 76.185
3970000 76.3875
3980000 76.4638
3990000 76.3338
4000000 76.4942
4010000 76.7421
4020000 76.9899
4030000 77.0263
4040000 76.9501
4050000 76.7242
4060000 76.5311
4070000 76.4303
4080000 76.5151
4090000 76.7545
4100000 76.7457
4110000 76.7255
4120000 77.0857
4130000 77.1826
4140000 77.3401
4150000 77.3063
4160000 77.3122
4170000 77.4
4180000 77.4372
4190000 77.3251
4200000 77.4554
4210000 77.2977
4220000 77.1956
4230000 77.2728
4240000 77.4513
4250000 77.2797
4260000 77.1895
4270000 77.2344
4280000 77.5928
4290000 77.6322
4300000 77.7834
4310000 77.7827
4320000 78.0667
4330000 78.089
4340000 78.0083
4350000 78.0941
4360000 77.915
4370000 77.8146
4380000 77.9612
4390000 78.1398
4400000 78.3031
4410000 78.1991
4420000 77.988
4430000 78.1998
4440000 78.3246
4450000 78.117
4460000 78.433
4470000 78.462
4480000 78.3576
4490000 78.1973
4500000 78.3129
4510000 78.2806
4520000 78.5092
4530000 78.4211
4540000 78.5372
4550000 78.6467
4560000 78.5937
4570000 78.62
4580000 78.6354
4590000 78.8645
4600000 78.8502
4610000 78.6661
4620000 78.5559
4630000 78.6104
4640000 78.6978
4650000 78.7621
4660000 79.0509
4670000 78.8399
4680000 78.9849
4690000 79.0302
4700000 79.1476
4710000 79.1509
4720000 78.9643
4730000 78.9459
4740000 78.8908
4750000 79.1909
4760000 79.41
4770000 79.1391
4780000 79.0072
4790000 78.9118
4800000 79.0799
4810000 79.4174
4820000 79.4232
4830000 79.4941
4840000 79.4749
4850000 79.1952
4860000 79.1129
4870000 79.2087
4880000 79.2762
4890000 79.7226
4900000 79.1002
4910000 78.8738
4920000 79.0069
4930000 79.0676
4940000 79.2443
4950000 79.4869
4960000 79.5346
4970000 79.538
4980000 79.6107
4990000 79.809
5000000 79.7695
5010000 79.715
5020000 79.5902
5030000 79.8365
5040000 79.9087
5050000 79.9732
5060000 79.9513
5070000 79.9247
5080000 79.6199
5090000 79.7223
5100000 79.5342
5110000 79.8692
5120000 79.9094
5130000 79.8065
5140000 79.7051
5150000 79.6328
5160000 79.5132
5170000 79.5033
5180000 79.5509
5190000 79.1668
5200000 79.0815
5210000 79.087
5220000 79.0789
5230000 78.8856
5240000 78.9028
5250000 78.7772
5260000 78.7727
5270000 78.9341
5280000 78.8565
5290000 78.7646
5300000 79.1199
5310000 79.2939
5320000 79.4154
5330000 79.0927
5340000 79.1523
5350000 79.3301
5360000 79.3431
5370000 79.0143
5380000 79.2918
5390000 79.4139
5400000 79.4502
5410000 79.4805
5420000 79.1619
5430000 79.3792
5440000 79.3395
5450000 79.3142
5460000 79.359
5470000 79.2732
5480000 79.0945
5490000 79.2324
5500000 79.1686
5510000 79.0962
5520000 79.074
5530000 78.7723
5540000 78.9319
5550000 78.8502
5560000 78.8815
5570000 79.0124
5580000 79.1045
5590000 79.0265
5600000 79.1117
5610000 78.884
5620000 78.6122
5630000 78.2469
5640000 78.1448
5650000 78.292
5660000 78.1883
5670000 78.2334
5680000 78.3226
5690000 78.3659
5700000 78.2188
5710000 78.0827
5720000 77.7996
5730000 77.447
5740000 77.5606
5750000 77.4875
5760000 77.3376
5770000 77.3426
5780000 77.2378
5790000 77.391
5800000 77.5863
5810000 77.8832
5820000 77.4087
5830000 77.4979
5840000 77.2958
5850000 77.5026
5860000 77.548
5870000 77.5263
5880000 77.6271
5890000 77.3465
5900000 77.3807
5910000 77.1789
5920000 77.3775
5930000 77.5022
5940000 77.5595
5950000 77.5427
5960000 77.5955
5970000 77.583
5980000 77.4336
5990000 77.6768
