0	400	400
10000	398	400
20000	397	400
30000	396	400
40000	394	399
50000	393	399
60000	392	399
70000	391	399
80000	389	398
90000	388	398
100000	387	398
110000	386	394
120000	385	393
130000	383	390
140000	382	389
150000	381	389
160000	380	387
170000	379	386
180000	377	384
190000	376	381
200000	375	378
210000	374	377
220000	373	375
230000	371	374
240000	370	373
250000	369	370
260000	368	367
270000	367	366
280000	366	364
290000	364	361
300000	363	359
310000	362	358
320000	361	357
330000	360	356
340000	359	356
350000	358	354
360000	356	353
370000	355	353
380000	354	352
390000	353	352
400000	352	351
410000	351	350
420000	350	348
430000	349	347
440000	347	344
450000	346	344
460000	345	344
470000	344	343
480000	343	342
490000	342	341
500000	341	340
510000	340	337
520000	339	337
530000	338	335
540000	337	330
550000	336	329
560000	334	327
570000	333	326
580000	332	325
590000	331	325
600000	330	320
610000	329	317
620000	328	315
630000	327	314
640000	326	313
650000	325	311
660000	324	310
670000	323	308
680000	322	308
690000	321	308
700000	320	305
710000	319	302
720000	318	300
730000	317	300
740000	316	298
750000	315	295
760000	314	293
770000	313	293
780000	312	292
790000	311	292
800000	310	292
810000	309	291
820000	308	291
830000	307	290
840000	306	290
850000	305	289
860000	304	288
870000	303	287
880000	302	286
890000	301	285
900000	300	282
910000	299	282
920000	298	282
930000	297	281
940000	297	281
950000	296	277
960000	295	277
970000	294	277
980000	293	277
990000	292	275
1000000	291	274
1010000	290	272
1020000	289	270
1030000	288	267
1040000	287	267
1050000	286	266
1060000	285	265
1070000	285	261
1080000	284	259
1090000	283	259
1100000	282	258
1110000	281	258
1120000	280	258
1130000	279	257
1140000	278	257
1150000	277	256
1160000	277	256
1170000	276	255
1180000	275	255
1190000	274	254
1200000	273	253
1210000	272	252
1220000	271	252
1230000	270	252
1240000	270	252
1250000	269	251
1260000	268	248
1270000	267	248
1280000	266	247
1290000	265	246
1300000	264	246
1310000	264	245
1320000	263	245
1330000	262	244
1340000	261	243
1350000	260	242
1360000	260	241
1370000	259	239
1380000	258	239
1390000	257	236
1400000	256	235
1410000	255	235
1420000	255	234
1430000	254	234
1440000	253	233
1450000	252	231
1460000	251	230
1470000	251	230
1480000	250	229
1490000	249	229
1500000	248	228
1510000	247	227
1520000	247	225
1530000	246	224
1540000	245	224
1550000	244	223
1560000	244	221
1570000	243	220
1580000	242	218
1590000	241	218
1600000	240	218
1610000	240	218
1620000	239	217
1630000	238	217
1640000	237	216
1650000	237	216
1660000	236	216
1670000	235	215
1680000	234	215
1690000	234	214
1700000	233	213
1710000	232	213
1720000	231	213
1730000	231	211
1740000	230	210
1750000	229	209
1760000	229	209
1770000	228	207
1780000	227	207
1790000	226	206
1800000	226	204
1810000	225	204
1820000	224	204
1830000	224	203
1840000	223	201
1850000	222	199
1860000	221	199
1870000	221	198
1880000	220	198
1890000	219	198
1900000	219	198
1910000	218	197
1920000	217	197
1930000	217	197
1940000	216	196
1950000	215	196
1960000	215	196
1970000	214	196
1980000	213	195
1990000	212	194
2000000	212	193
2010000	211	192
2020000	210	191
2030000	210	191
2040000	209	190
2050000	208	190
2060000	208	190
2070000	207	189
2080000	206	189
2090000	206	189
2100000	205	188
2110000	205	188
2120000	204	188
2130000	203	187
2140000	203	186
2150000	202	186
2160000	201	186
2170000	201	186
2180000	200	186
2190000	199	186
2200000	199	186
2210000	198	186
2220000	198	185
2230000	197	184
2240000	196	184
2250000	196	184
2260000	195	182
2270000	194	182
2280000	194	182
2290000	193	182
2300000	193	181
2310000	192	179
2320000	191	179
2330000	191	178
2340000	190	178
2350000	190	178
2360000	189	178
2370000	188	178
2380000	188	178
2390000	187	178
2400000	187	178
2410000	186	176
2420000	185	176
2430000	185	176
2440000	184	176
2450000	184	175
2460000	183	175
2470000	182	174
2480000	182	172
2490000	181	172
2500000	181	171
2510000	180	171
2520000	180	171
2530000	179	171
2540000	178	170
2550000	178	168
2560000	177	167
2570000	177	167
2580000	176	166
2590000	176	164
2600000	175	163
2610000	175	162
2620000	174	162
2630000	173	162
2640000	173	162
2650000	172	162
2660000	172	161
2670000	171	161
2680000	171	160
2690000	170	160
2700000	170	160
2710000	169	160
2720000	169	160
2730000	168	160
2740000	167	159
2750000	167	159
2760000	166	159
2770000	166	158
2780000	165	155
2790000	165	154
2800000	164	154
2810000	164	154
2820000	163	151
2830000	163	151
2840000	162	151
2850000	162	151
2860000	161	151
2870000	161	151
2880000	160	149
2890000	160	149
2900000	159	149
2910000	159	146
2920000	158	146
2930000	158	146
2940000	157	146
2950000	157	143
2960000	156	142
2970000	156	142
2980000	155	142
2990000	155	141
3000000	154	141
3010000	154	141
3020000	153	141
3030000	153	140
3040000	152	140
3050000	152	140
3060000	151	138
3070000	151	137
3080000	150	135
3090000	150	135
3100000	149	135
3110000	149	135
3120000	148	135
3130000	148	134
3140000	147	134
3150000	147	134
3160000	147	134
3170000	146	134
3180000	146	134
3190000	145	133
3200000	145	132
3210000	144	132
3220000	144	132
3230000	143	132
3240000	143	132
3250000	142	132
3260000	142	131
3270000	141	130
3280000	141	130
3290000	141	130
3300000	140	130
3310000	140	130
3320000	139	130
3330000	139	130
3340000	138	129
3350000	138	129
3360000	138	129
3370000	137	129
3380000	137	128
3390000	136	126
3400000	136	125
3410000	135	125
3420000	135	125
3430000	134	124
3440000	134	124
3450000	134	122
3460000	133	122
3470000	133	122
3480000	132	122
3490000	132	122
3500000	132	121
3510000	131	121
3520000	131	121
3530000	130	121
3540000	130	121
3550000	129	121
3560000	129	120
3570000	129	120
3580000	128	120
3590000	128	119
3600000	127	119
3610000	127	118
3620000	127	118
3630000	126	117
3640000	126	117
3650000	125	117
3660000	125	116
3670000	125	116
3680000	124	115
3690000	124	115
3700000	123	114
3710000	123	114
3720000	123	114
3730000	122	113
3740000	122	113
3750000	121	113
3760000	121	112
3770000	121	112
3780000	120	112
3790000	120	112
3800000	120	112
3810000	119	112
3820000	119	111
3830000	118	111
3840000	118	111
3850000	118	111
3860000	117	111
3870000	117	110
3880000	117	109
3890000	116	109
3900000	116	109
3910000	115	109
3920000	115	109
3930000	115	109
3940000	114	109
3950000	114	109
3960000	114	109
3970000	113	109
3980000	113	109
3990000	113	108
4000000	112	108
4010000	112	108
4020000	111	108
4030000	111	108
4040000	111	108
4050000	110	108
4060000	110	108
4070000	110	108
4080000	109	108
4090000	109	108
4100000	109	107
4110000	108	107
4120000	108	107
4130000	108	105
4140000	107	105
4150000	107	105
4160000	107	104
4170000	106	104
4180000	106	104
4190000	106	104
4200000	105	104
4210000	105	104
4220000	105	104
4230000	104	104
4240000	104	103
4250000	104	102
4260000	103	101
4270000	103	100
4280000	103	100
4290000	102	100
4300000	102	100
4310000	102	100
4320000	101	99
4330000	101	99
4340000	101	99
4350000	100	98
4360000	100	98
4370000	100	98
4380000	99	98
4390000	99	98
4400000	99	98
4410000	98	97
4420000	98	97
4430000	98	97
4440000	98	96
4450000	97	96
4460000	97	96
4470000	97	96
4480000	96	96
4490000	96	96
4500000	96	96
4510000	95	96
4520000	95	96
4530000	95	96
4540000	94	96
4550000	94	96
4560000	94	96
4570000	94	96
4580000	93	96
4590000	93	96
4600000	93	96
4610000	92	96
4620000	92	96
4630000	92	96
4640000	92	95
4650000	91	95
4660000	91	94
4670000	91	93
4680000	90	93
4690000	90	93
4700000	90	93
4710000	89	93
4720000	89	93
4730000	89	93
4740000	89	93
4750000	88	93
4760000	88	92
4770000	88	92
4780000	88	92
4790000	87	90
4800000	87	90
4810000	87	89
4820000	86	89
4830000	86	89
4840000	86	89
4850000	86	89
4860000	85	89
4870000	85	89
4880000	85	88
4890000	85	88
4900000	84	88
4910000	84	87
4920000	84	87
4930000	83	87
4940000	83	87
4950000	83	87
4960000	83	87
4970000	82	87
4980000	82	87
4990000	82	87
5000000	82	86
5010000	81	86
5020000	81	86
5030000	81	86
5040000	81	86
5050000	80	84
5060000	80	84
5070000	80	84
5080000	80	83
5090000	79	82
5100000	79	82
5110000	79	81
5120000	79	81
5130000	78	80
5140000	78	80
5150000	78	80
5160000	78	79
5170000	77	78
5180000	77	78
5190000	77	78
5200000	77	78
5210000	76	78
5220000	76	78
5230000	76	78
5240000	76	78
5250000	75	78
5260000	75	78
5270000	75	78
5280000	75	78
5290000	74	78
5300000	74	78
5310000	74	78
5320000	74	78
5330000	73	78
5340000	73	78
5350000	73	77
5360000	73	77
5370000	73	77
5380000	72	77
5390000	72	76
5400000	72	76
5410000	72	75
5420000	71	75
5430000	71	75
5440000	71	72
5450000	71	72
5460000	70	72
5470000	70	72
5480000	70	71
5490000	70	71
5500000	70	71
5510000	69	71
5520000	69	71
5530000	69	71
5540000	69	71
5550000	68	71
5560000	68	70
5570000	68	70
5580000	68	70
5590000	68	70
5600000	67	69
5610000	67	69
5620000	67	69
5630000	67	69
5640000	67	69
5650000	66	68
5660000	66	68
5670000	66	68
5680000	66	68
5690000	65	68
5700000	65	68
5710000	65	67
5720000	65	66
5730000	65	65
5740000	64	64
5750000	64	64
5760000	64	64
5770000	64	64
5780000	64	63
5790000	63	63
5800000	63	63
5810000	63	63
5820000	63	62
5830000	63	62
5840000	62	61
5850000	62	60
5860000	62	60
5870000	62	60
5880000	62	59
5890000	61	59
5900000	61	59
5910000	61	59
5920000	61	58
5930000	61	58
5940000	60	57
5950000	60	57
5960000	60	57
5970000	60	57
5980000	60	56
5990000	59	54
